0000000000000000000000000000000000P0
0                                0G0
0000 000000000000000000000000000 0 0
0  0 0                         0 0 0
0      0000000000000000000000000 0 0
0  0 0                         0 0 0
0  0 0    0 00000000000000000000 0 0
0000 00 00000                  0 0 0
0M          0                  0 0 0
0000 0 0000000000000000000000000 0 0
0    0 000000000000000000000   0 0 0
0 0  0                         0 0 0
0 0000000000000000000000000000 0 0 0
0 0                            0 0 0
0 0 00000000000000000000000000 0 0 0
0 0 0                        0 0 0 0
0 0 0 0000000000000000000000   0 0 0
0 0 0 0                      0 0 0 0
0 0 0 0 0 000000000000000000   0 0 0
0 0 0 0 0                  0 0 0 0 0
0 0 0 0 0                  0 0 0 0 0
0 0 0 0 00000000000000000000 0 0 0 0
0 0 0 0                      0 0 0 0
0 0 00000000000000000000000000 0 0 0
0 0 0                          0 0 0
0 0 0000000000000000000000000000 0 0
0 0 0 0                          0 0
0 0 0 0 00000000000000000000000000 0
0     0                            0
000000000000000000000000000000000000